CIK
814679
1301708
1091439
1126087
710826
1413032
1027263
356476
1532747
933691
914036
887340
916053
928973
928971
711175
1003239
766351
892538
871839
902259
798086
1689311
793347
910671
949820
1600600
1116627
1267862
894024
1012968
775688
918294
1795351
1019286
920467
1520245
1571768
852254
1447346
1440930
1116626
779785
316968
706211
80257
1002624
754915
858581
1181628
1169187
1608530
313212
1120925
918292
1368135
887147
1012678
1533490
1707770
773485
216907
80248
80249
1120924
1038469
1486048
1046404
1034386
1177017
819930
731890
75170
834798
808303
923084
795384
912028
912029
1038490
315748
758003
202927
892899
730200
1681576
931151
1462712
853437
927845
787623
778207
837276
1039001